INSERT INTO agenda_medico(id, idMedico, idAgenda)
VALUES (88,	4,	1),
(89,  4,	2),
(90,	4,	3),
(91,	4,	4),
(92,	4,	28),
(93,	4,	29),
(94,	4,	30),
(95,	4,	31),
(96,	4,	31),
(97,	5,	17),
(98,	5,	18),
(99,	5,	19),
(100,	5,	20),
(101,	5,	21),
(102,	5,	22),
(103,	6,	12),
(104,	6,	13),
(105,	6,	14),
(106,	7,	39),
(107,	7,	40),
(108,	7,	41),
(109,	8,	52),
(110,	8,	53),
(111,	8,	54),
(112,	9,	56),
(113,	9,	57),
(114,	9,	58),
(115,	10,	6),
(116,	10,	7),
(117,	10,	8),
(118,	11,	9),
(119,	11,	9),
(120,	11,	11),
(121,	12,	12),
(122,	12,	13),
(123,	12,	14),
(124,	13,	23),
(125,	13,	24),
(126,	13,	24),
(127,	14,	58),
(128,	14,	59),
(129,	14,	60),
(130,	15,	53),
(131,	15,	54),
(132,	15,	55),
(133,	16,	45),
(134,	16,	46),
(135,	16,	47),
(136,	17,	24),
(137,	17,	25),
(138,	17,	26),
(139,	18,	1),
(140,	18,	2),
(141,	18,	3),
(142,	19,	4),
(143,	19,	5),
(144,	19,	6),
(145,	20,	13),
(146,	20,	14),
(147,	20,	15),
(148,	21,	16),
(149,	21,	17),
(150,	21,	18),
(151,	22,	8),
(152,	22,	9),
(153,	22,	10),
(154,	23,	20),
(155,	23,	21),
(156,	23,	22),
(157,	24,	31),
(158,	24,	32),
(159,	24,	42),
(160,	25,	43),
(161,	25,	44),
(162,	25,	56),
(163,	26,	56),
(164,	26,	57),
(165,	26,	58),
(166,	27,	27),
(167,	27,	27),
(168,	27,	28),
(169,	28,	16),
(170,	28,	17),
(171,	28,	18),
(172,	29,	36),
(173,	29,	37),
(174,	29,	38);
